

Algorithm: IDDFS
Labyrinth: labyrinth_9.txt

Cost:           200
Length of route:54Checked tiles:  841119
Max depth:      26Route taken:   
(9, 5), (10, 5), (11, 5), (12, 5), (12, 6), (13, 6), (13, 7), (14, 7), (15, 7), (14, 7), 
(13, 7), (13, 8), (13, 9), (12, 9), (11, 9), (10, 9), (9, 9), (8, 9), (7, 9), (7, 10), 
(7, 11), (7, 12), (7, 13), (7, 14), (7, 15), (7, 16), (7, 17), (6, 17), (5, 17), (5, 18), 
(4, 18), (3, 18), (3, 19), (4, 19), (5, 19), (5, 18), (5, 17), (6, 17), (7, 17), (8, 17), 
(9, 17), (10, 17), (11, 17), (12, 17), (13, 17), (13, 16), (13, 15), (14, 15), (15, 15), (16, 15), 
(17, 15), (18, 15), (19, 15), (19, 14), 
----------------------------

Algorithm: BFS
Labyrinth: labyrinth_1.txt

Cost:            112
Length of route: 33Checked tiles:   114
Route taken:   
(1, 1), (2, 1), (3, 1), (3, 2), (3, 3), (3, 4), (3, 5), (3, 6), (3, 7), (3, 8), 
(3, 9), (4, 9), (5, 9), (5, 8), (5, 7), (6, 7), (5, 7), (5, 6), (5, 5), (5, 4), 
(5, 3), (5, 2), (5, 1), (6, 1), (7, 1), (8, 1), (9, 1), (9, 2), (9, 3), (8, 3), 
(7, 3), (7, 4), (7, 5), 
----------------------------

Algorithm: A*
Labyrinth: labyrinth_1.txt

Cost:            140
Length of route: 41Checked tiles:   215
Route taken:   
(1, 1), (2, 1), (3, 1), (3, 2), (3, 3), (4, 3), (5, 3), (5, 2), (5, 1), (6, 1), 
(7, 1), (6, 1), (5, 1), (5, 2), (5, 3), (5, 4), (5, 5), (5, 6), (5, 7), (6, 7), 
(5, 7), (5, 8), (5, 9), (4, 9), (3, 9), (4, 9), (5, 9), (5, 8), (5, 7), (6, 7), 
(7, 7), (8, 7), (9, 7), (9, 6), (9, 5), (9, 4), (9, 3), (8, 3), (7, 3), (7, 4), 
(7, 5), 
----------------------------

Algorithm: A*
Labyrinth: labyrinth_1.txt

Cost:            140
Length of route: 41Checked tiles:   175
Route taken:   
(1, 1), (2, 1), (3, 1), (3, 2), (3, 3), (4, 3), (5, 3), (5, 2), (5, 1), (6, 1), 
(7, 1), (6, 1), (5, 1), (5, 2), (5, 3), (5, 4), (5, 5), (5, 6), (5, 7), (6, 7), 
(5, 7), (5, 8), (5, 9), (4, 9), (3, 9), (4, 9), (5, 9), (5, 8), (5, 7), (6, 7), 
(7, 7), (8, 7), (9, 7), (9, 6), (9, 5), (9, 4), (9, 3), (8, 3), (7, 3), (7, 4), 
(7, 5), 
----------------------------